
+================================================================+
|  Profit Factor Heatmap  (rows=SL_MULT, cols=TP_MULT)         |
+================================================================+
tp_mult  1.00  1.33  1.50  2.00  2.50  3.00  3.50  4.00
sl_mult                                                
0.50     0.16  0.32  0.41  0.46  0.52  0.48  0.48  0.48
0.75     0.17  0.35  0.45  0.51  0.57  0.53  0.53  0.53
1.00     0.21  0.44  0.57  0.54  0.50  0.50  0.50  0.50
1.25     0.25  0.50  0.61  0.54  0.50  0.50  0.50  0.50
1.50     0.25  0.50  0.61  0.54  0.50  0.50  0.50  0.50
|  Higher = Better  |  Target: PF > 1.30                       |
+================================================================+